$ANSIBLE_VAULT;1.1;AES256
33623839383565623262626564616263373634353264316664373964386534366664326430306266
3635663761633837646466346230393831393133623039380a623765633261316333633234636637
34623831643835653761643766393734353563313139303336346362626233376161336538653462
3262366139623239650a393231333833353730633236303538356361353139333535396331663738
36303434303931656430626530383662326231666331653262623539353565306564313732393238
37313935353039313339613131633934616662643365333536656464343936316135366135353838
66396262386339653861656162396264613030633439346532623833383065326530393864636230
34653431633763613934663264663538383562383234363463303836643432626238366333636432
66616635623131323638366436653462633237316336356361313935666337356530326564633934
63663631623165353937323632343262353731366635333763323531343838643964616433633665
33313330323732373733386333326639646233396466366636616139633034623732313236323865
63343330313639366630336134656562353637323432653239306463666234346131386161653364
38373537643733633635376639376165353732333235613735643730376563616161623238306630
37623463316234306436386363656362383033333466363933636264666138663833393634656366
65376139323438386538373830393064613436626336636664353461623632663035313361666530
63376363653934613362613432616530326331616632386635313563353333303135376462333433
65613633346161623336613132323432646539623465306336663539366635363231303135366134
62363662663430613037336362383961623366383135373661666337393538613064616164626538
64366461366634326564363534383534663865613062353739653338313531306231383864666563
64356230383366613932643237393235316661323363356638633034323430616331653335323765
31623539393831366534653934393864356363616665316464656437663338376338363935333238
64383636613737363032333732643635346139363434303837326436396564316463653634373562
37636138343363636436653334666161313636613766376332383765623463353137313738626135
32353730396335616537643861353739306665613531343732313330393766636136626238623338
61313238643131616361303034663438346436663532303335343433346631633833303663393730
33356233663664303639386261623561303366383662663633613266313433653537316237396463
34366363313532346132373631343433326663333334353864336561313930393632396266663230
61646462343063346438396239636664333630333336646338303561376335363564646361356166
62366435613233383662383063396461663338353935626465626634643165633337316334396162
30643030366139383066646635623039613233636332333338626533613737316162623637636165
38333166323634623531393734366162336566623863626332643336376637326136353631316237
65353862346236303330323534646633303431356564353963376234326263343764373663373338
62656563356336613133376466303734333737313135613432333736386531623438653939356530
64303531313635623663633764656533373864326434363262303331346530373632386533326438
37613939383132343366616434373539363265653562666462656165396332656235316566363737
63323533353131356631363866313638386635356665613936316636323138393533656431643865
65323165353335346164613665633366363466313363376561366432376232366134383431316362
64396337613439353130613663396563623665306232363235393564333136636561373537333563
33316162653838333937363537326561333666336665363736393064653366656161316133313437
64313239323066366666383761393733633435633366643261333964643630366132346135633137
38613234663438623337303539626465336564626161636536383431356531383430373462376133
64663931363364613662383164366362633135366630393333326666313439343633343761643739
33646133646665656635646332613864346366303936396532663834363531633130343930323534
65663637626132306266383864393031346233623463383936346230323565303837666635623638
64386339616633366465616133623063303961376666373164306336323064323132336631666561
66303762653562306362373537613933376363313033643333346538656230613563326430353130
38653161613566633862653435313465333232616137343166623165626434613761626339616336
62343162396565373536356334313333623964353437326536343065353134613462336432626131
38333834623531643732383461376564386632663561343064303161643163646264626439353930
31353262383138333031366562396131613365343534316236303132623462643232393732326632
66626231366263316565316632363364633930356331353232336262626531303736313565333038
65303437633236656164343832333233386537363035333136363132386463323438376164323237
34663964313964613336376538636137333436613136666230353438616263373538303837316463
39303136656437353333643136373866343534643262633166396130306137393138626632373065
31666666633433633162383835383565366563363566303831346439323137666164623962656162
64356534383564373030303662623562343032613965336663663237646663653361643937653330
66613432303264656366313036356439326666383538613630633939666662383831386434643265
32383862666130326532616130386135613530613537613365613564356361346366663831393135
38396165363039306361333934353737346537363934613637653934316536346365613839666165
66303239653235653965613261343539383635383834323039316139346132393333303563363034
31656432333566373933356437623133326336626164343365653337336334383737663062663234
31343436616261656664646365616635333537393839343432373932663762383161333730353936
35653661646231623266653739383831316462653833666534303635353763396462356561396235
61303539323939333665326338376436383363316538653539656236373163636334313036343265
39343863323165633065613163363734666534313638663738396133336234336339613731346663
38303565656461393362323639656335393361303737633265656335666136616262333662303439
36333563666336366532663664306536653631636430376234643132616337613365383937303533
35323635306633316130653030613265323037333237316133646236313862373435633562346430
30396564326636663565316337346266386665356662333936326239626134396632623631376666
65316138313562646230396131633536353035633434303561636564633037363539343135346564
37366361383930393232313066336363396637666366633633303230636133313139333965613337
34623065383936356663636262333866373463613563386164336262356634316365346163313233
30343965626432623461303666636532646236383033633138646164343030633935393766383736
34656537646433363266363735333865366562316661613238626162393764366232363934663535
35633334376230313163643735373739343638663431313232633933653862333732353265613531
30343564333263326261383564626166383538623137653137366631383666373965326663313131
65643132386665356330316535373937333036616461666261653136323531303664653361363433
63353530656232626233633736663165396363666663363036356664626432636632346131333936
38653434623363346434373739643764626538626561653461383933656232333535303030326132
39616237363630346438653766333734383863643662376330346232363436636431383866326538
34386139313162316135653238653137643035626531383530616161623832313638393462386361
61663834396537303839396363316262366430306538613534373437396638626634323733396365
39653366663135306662323635346266373334313962386635393864663964313635613231373333
39613531376264656338653734376365643632623638626332653933386232346534306263363938
38323765363636376365663266613861363539383061386162396434353035356161306261316335
33353233326665636366343439616638343734666337653863623135663362383463353338636339
34313766323434636464353039353765396361373763373763326163636265303339336665356134
36373632363539666534613738656161643263316139663632343661623163343961306335353261
32313937643434636563356364346465643535343335663430336264343339316332353131626135
64383431613961363165646333626232653462653730373666346164346565333664636237373138
66643964396232313934346162656633653234313965626537653339613363336463316636313362
62653932656163646462356561633032353733376530613138326138316133383666653532663261
35343136346537616135653634373530323033633264343862656263363536363535386265643038
39616431646234353232346637366631383636393932663064636436656236306631353431633837
63613638626431633839303462363233663239666666663566633230643436346563616635333234
39383036383939633538356230386261376236336130623466633137633861643632343664353338
30656564636232653538353937386465643339306139616162323065303065346463326538326231
61336230323834643738646637646265623232316330313835633239656130666335363162366437
32653461333866326263393262613666653233303937636234363261393264386162623064373637
38666238316531353936616638303266306139653563366330653039363031346439643030616263
64323062313935336337343233353035316161336133383836373963393234386530356161303065
61313138303139333436343232383238373161313462313966353637633564396132626634653933
62396264303364393938343966653163393336653463613163346237366430333333373335386232
66656630303334393465656465396265653136616639636635363130396162396563383938633839
65633633616436333033383136613266383061303366653338646334653832613166363638623761
38343331343163636435316439333834636636386231653361633863633762336561663261343133
63316339376265356439613237323232323132393166343437666438656330393733346635663530
38333638633134373835396163396165383165383835633235366561326531313133306630393730
30616231626330393265626562356530363466383061633138643236333965383035313430643830
61336338313665353137356338366639393933636262643663313136643162303766666331613230
66303136623332646630306466353138633638346363633632613837363735616537313837356133
64653461623339313737313135306238333838643762393862386666383461636433613665363233
30303633316531643563373735393166363363613339633433376134343338363533303065666232
30663766336262626561656436346566343862383738323666393634656539656637343765656166
35346238663137316465383465646634303935366237656464666666363565303034396430333430
32343337363133663334666264346462306632343763653963333763653163646462306235306364
39326230383061633638663833616339363265623132303430323136653336353337616236613364
66323830373433373432623636363666333439643165613561313339333038613765343565323730
39313563313030366163336438393734326163623432636431343831623132366566343461636539
35323166393464333265613731393634356538626563313731626466666432313665653830656437
37386636326439623930303466366633333466326132383764306466386165623937383535383165
66366361393130653962383435396135636465626437623637626265313364623866323530613636
30366632663666653362333562323134653132313634316336313663646537653735633164366330
33643362346264386136613062363738666264626631656162643339386130336331663763353563
64333339613464633861396564376532323138393566333161386330313735633439393535313764
35343065633239613236656336633761313730333130323765303265313530633566316534323264
35643439303534363362343935373535623838306337346532326233386634653232623835353035
61396537323161326437306231366163363630653633396238656534353339616330326138643063
34656266653837313631616539633837366530353935636135366333393561633666633733633266
39333033376231383837323062633631366164323835316635356365323564303566613437646632
63623965656665623832383034656431316161613931623839663265636537613732363437376535
30303834636532656335643638663338633961376632616638613738653633353364323462396563
38363466616465313130666633623935613138323833306561646638303661613062643539616263
61613232626565616566633833376635383933356339636232353864313162336363626638376632
37353661636439653564346237636238303462666437643762613039366261616565346364396531
31373963303937326635663730653764386264663063666431346463373633323535656131313165
64646262343637656662373936363833336265633062303737656664323064383838643332623237
31323464366261616330396337353139353764636534343136636265636636623432656333343163
64623239646464393633353963383635626565646631386634383764656233663135646133613337
66643532626561626635653638646638326238366365613162663566393632326536346661353866
33386137316565373561646163333033643837386264613864386233346430643537386662616435
31313836326363613135396337306536663230653333386639363863653934343035386464343631
35633630636338306561396136623036383233313734666236306332393339646231333934306666
31323261333262626238626532663633363664343639356336666631386566376261663733656662
32383366383738613337656636333236346433653062373631306162613438623739656462306165
33663866316139396338393663643937316666626431643163313465393362323364363664363330
37313963393738643961323639616130346130353032653832373663663162333535383663656632
30393664306161336165336234323935363139663961363536343236626636663266346461353832
62636538656231363664376437346565393739383038323338326135346631333665653531616366
31323238643137633665313966383430346365623264313562396230336363393433626663343435
63663361326133333563336437303562373161323036333339386231333731393535396562643237
64656365636561613630636562336336326632313866383139646338396437623836363865636337
32626463613432373236396635653732613332656430616334613130656431303865383865633334
61626233646134313965383962336562633665666363346462616134623538396566363861363034
36383737303563613434666334376130666365343563336533623064633966306165663834623139
32396539663335336463393563353633323135666336656264666161333236646134363863383139
61616332303062663565663438616366646363636536363036313637383733373332663636616366
61646463313834306432633161373237386531356465663839373937343732636536343937346665
63646133383933643638363036613831396434306335663962396165393031653635393937613863
31353065323839373238626266316237356636316232343230653631376264353164613734636163
31613136646435356332646432343163613730396664383636383837393061613566343036396633
64356137666263613234643461313964643261376331313938393334303833303835313739313566
39356661636130626239343238666433343030653533653665363563636563613535323138346335
32616131663935326233626661613532663564363735366131623436636437636537343036656233
33386563333162646334346539383065336537616666383263393938393638396234356133666535
32316339376635306336626231623630316666326564653064643765393466363139616362373536
31626564373534343839356632663932646137646463383233333730633761373764663035626662
65623661396135633565356631343563636361643363353665363633303665356534643065646364
34663962303464353966303339363238633437393966303365306631663639373430613065323138
39383761333039343931356166623237623238383564363035333434386632613265306430656161
64623964366537306565363131323662306434376364633165623839633234323265346163333237
62363331653030376634636666636639616465616631643333396335653632323137323732666231
35373730623663346431626438623232373062366439303161316265333132306438333264613761
66393263326338666363346537653733333631336562633030393465323230323834636135383134
64653064663334313334316237633433346165323536636530323136653962356463393631316138
65303733376261333963346439653464616161343065623530643739623536383334343339333137
37303931626163363365336138393466653131383833383736653039376135316666326431343361
66623634633434333135366262313635343431373030363163343232323637666337613962363334
31373038616463323362626263666530313132313435353637376466386465376433336563643136
62393565373564666265336665303964383863353539366363313238316663393164323337343465
37396262396362656531633262376464343165656539626563643563613831663433353838373635
61313064336561333738313764336231636637633565393035643034343761646230393539303635
64643932656438393632663934373237653063616436633736383037326366393938663065633939
66643964333861623439623266633938313361363261343935623331333334343463353339323564
31313437613237303034386639643230646630366335616337643261373339336533306531316634
65333231316539663033326539636662376335653436613266376630653535373931623766313439
33313639653132323539343736343066393838396439396134343630363966616235353866303735
33346461616339336135376132356336336632393865306438316530616536616539613363343964
30363966656261616431333536306562643030396530333165363633376161626530393764623339
30313439383265396535383466313865386561346231316664336636316236653732616634313239
64383062663362666531666665663965353464306139353235666661616333313730393234626234
39663331376366383131636163663363653535343235353332393331396166636463363866633935
30396533376537343336396261653239616331313665303039343366336534623961643531626235
37373663653861396539356234346430633231613762623163366139643765343865663332623533
39383130643864363638336532333666343262643732326537326565333038666165343433666637
66363235613839303531376336356338656266383233363361383761303734336438363430653831
66303532303261646437313039336164643833633434363939653661653064643963313034626263
35323634636635336337313262353761326563633131336131633136633662353862636465313939
65643730343964343864646565316139646363303666663937303939313731653339323433306562
63303738366461626635363436356332386263613062386463356264363539323036313361343332
34633065303438616539336265656164643733333035626463356464333965646462616334343633
62303938363462616238303630626166343731636335326230323939646333653630303930383839
61663039313133373336613237393063336431656231356165303161326539663435623830333632
63323463353334303239313831646536633936383835326634653365376635623862353765333763
32663966656233323763646430663036613965653639376433383332633064303438313466313265
66316366363930316362376533373530326535333864613436303132386133343536396335386466
62646666396666623436316661663861373036386134613432633638386263653435346335653438
37346534373733353737303231346261616663383237326533333738353836663631363538643532
35336238383939393239343038313331363763383831613265613135366661333830333530343965
36313235333437643061363734626336363063666633643863353638663231376639646261316130
38653239393661623533333266323162393735353339373466643334626262363865396432653964
32366563376164623930626630343363653731656336393862636337383130383433623634313635
37613864363339313439333133326264356438343161623230393664346631343737626435633333
30333032396436306636633738363966383835346639653034613561343364383332393433373332
62633836626435373130373364306665633631336233373566613434303463326162663534616266
31663835623135656564623365323964653835313361333265616466343131326438333166353637
37666333366566656538663331313633313036653833616339633933323237333262333334323637
30363630646565636435646135393735326230396366343337623338663561313030663737616337
35363663396238343461313335626333333835323738313337356663363536633239313531626137
37343532656232386638323131373261366366353962656266386239336165353539636466326534
32356135316463653665366531363364353238333538356637393034383736653265323935383864
65313961336563646465363430393733623166626130386362386635353365303666376264653761
31623839663765356630666631303638613066303639313863373666386437316633396635343436
62613465316435366563356361313964396663333463633761636139343735306136336465376465
33346235363935393064376235313538313566383630666266663032373939353038386661636533
66646439303931383530353138323036386138366636653135623330346632363939323139333135
61653939623937363232643331363464376130336133363730386634613334356330306636363663
33376231636632623931356333313131376464373935663537326662666663303438336338373934
35333835653833373832363132373163366165393830626261383864646236663235366239373930
61653165376135366437613962633231316263356532306431616561613936393035393030386332
66333233353133373762333264323534303765653831353332636166626239333934643434653761
64313438356465626630306637623563333031333233373734653837633438333634626436343262
37653566646138646139316266653464333132343535313537396237343036646539666231343334
32303234633063633230646631323261633433626236343331636233326266373166316132386133
31636439313431323733396365623665333863373038366338313036333436633231653939373161
35666166633165383763363665663164313732323939623835613161376566636661363330373736
63306430383530396665383631336432616239313862393239643162616330323962356466376431
65313630646161376266326333346338623232666336666262656334653736323632613465386534
33306339636163353862653033613766323932386633376238643664616439303837336139393063
63376238636136346664356463376335346337613433356531346437346137656235353362663232
64386562613230636335643532666264363833613931343131306266643632303932373138616636
31653461636436346238333237323832343335346636366133656331386566663335323133633435
66386630393135346662616633623537363137356638306333346231303132616331383237613262
65633461383132643662306162373230323734633761303635323665373063373531616238326330
35353830346266353831633765343331393866613235346636333362393632306436303562666266
38383139343435336432353462643731323732643163363037303363353065646635336161623034
61333366343938393462363262343839656537353631346435646131396364383935343537656139
37626637626436346363316430346161623133366231306463363930643739653230616632656639
38366364646666646334613733316537346636373763396461366135633164393762323564353230
61663430663036313036653136633135333135633466336239316265336365336131303563353732
34386132393137386239353564383464373831633865316464663637353961633264363233356239
66653564303834626638323630373834613566333839643363383338653935303065386534633235
37393432666165386537653061383435383961613433323936313533396662626438663632383739
64383166356133326433303964353531653963336431343831356139396439393830633066346633
65633861643463643064613239333066653133653034633864613935613438636331323837373535
36353966333938383831363136303230383661343530313736343037313862643937613431653262
61653439363732323637376236633163626435626230666238303762666233323964613632623137
66386337316639303537613762333236643235353464643261393566656633643138383038303830
39356637643136333261613761333564303331343931323439306636303131336132663463363037
66623635643539373166313830313034376233383364336233316134353031643032323933356534
33383436386464616232323130616137323861663764343163663065623031323637626130636232
31626465353337363130623839386339336463656138363062623964333934623235616437313234
35343633393361333035306134396630366164313062393834643963313436613735613363346538
65306430316361396332663830326635323831306366363766643532386435656363313566643232
65626331613837333062613062663162346339366535313966653039323765353036623332353564
32396636353065316339333830396462373663663434363663333237376366383866383034343464
64376461336366316330653764663963646661636663376435623437616331306639306164346363
37656163373064383564646463393639633363376161343666643739313232623132656462666337
38336439643539356365633439616436383361363264366434303539346530613833323161376565
32383730313137373437663666646164633764633363353734613135643830323338363239323766
31306531393264333766353938313966333863356134613263303439623133336265393933623736
64346236626665353864326662313735303764303562306432626539326232363766643732636139
38373938373833623364326639303662353864303539653433343165333531326531323863666138
33616231396336666337326538376132323161633639323432656564326538643564646139306666
33323263363965393732373434633930623366643938386462396663386135386137306336663933
61376665356162343533393035303932356336376533616566393864313432356664646665343566
32653061316434653935336139636135633638633963306233643061386530353533633539323032
38303930613837306432303138333639333134393363396635346564666539373731323236333038
63303534353034316336343834383962303337363763643535623166343061373034626162323366
34383235313263613666613333386161376336393765316361653765353439633536386333663737
36623165653038656362613165326332323436373837303766646136616632653665316462646639
33366461646364313765393331393461663264613934623836393464613263353961316661336265
35363539373261366232393863613334393566636235663939316430626330343036643731626365
37616366306435313037396335303638386439666664356435396536333439376665343331393339
34653166386565643538636330326163366535333633303435396233396162353262383631663934
32636330616262646365396633653235646633396334643536353933643832666461623332376262
64613135643362333739396139376665393533323039643836313634306166306233633533623662
63383438393163383466653938626637333332323839383639373334313738303665643337306334
34666130373739636162326338323537613230663962383236613538313565623666323965353335
61326537636234363061646132666637653265643964303538356239393935353639613431613431
35333939393961336238383663313138343164326362376462623038666531303435613764353031
34383230653931613338353536356339346139343664393138393062396265366134316133393665
38313736623332316165323864616665613365666162363539636635393336353964643636663638
39303263343636666262393865383835326230323432393261303232643239633338643031323366
65383035616231303030313362616331613131626238353332386566366239326164643932623261
66653163353932353339303036656237343565343731623633346134356631343736366339336233
63653531623837396238316661643136663762313439616131393137343534343930316366663834
30323737656461643530356234383832613536326634623839646634633338356265313835353861
61363533323661323666303632613737373630643361323839333263363033363132366338336232
33643837306162666166656563396266343761333666363362316131623937393737373638386333
34336535303338323961663934333561653930613039646235643366376566666464323961626464
65336339653964643032306437623437663034376462333565306563616339666431343861323838
32653039643163363331666239383339373565356565363836646536646638663635333262336136
64366664616530663438363362323633363434303530353363336134383539613661623037656661
61356530623833666639363833383930613534333434666637323463646138386333306631356463
30613665633138343866353834386461393565303265353131306237346438626366663863333032
38303337353162303830383238363235326138363535656462336232633736363032373961633037
31363265356635626637623932306665313431653033656266633362656166333861393362613463
35646638623532663930653664663136633130323339346462656239653430643331363638363431
34623566356432393662383561656235643265623234383535646563393236623037633861323037
38383135666130393933616235623533373031353261393661383237636466623561313438663230
64333437383139663265323164353436396565653933313431343564663566653063646461303564
37306135613465383336303666373463636666613733663830353931383963633866616330373036
34343231336237613264613332346230393932666638383437393133393037376432643162616335
35653132346538356434633861323531353065356462323939353637623838616433366265616364
62386133633634366330623236313661393637376564396163656361626530613832393930343939
35356230313735393866616135666362316330323162633231346463666264613836383862663365
39616131303037363164646637636134613239353535303965653431653466393162363632646539
61653936343031343562306538323066636332613366616463316262663762373935366533373634
33386131646336303766643938306531326661653165303833636436633965636435343133386566
32623161666438643661313630636431656166333665633835356634393034616337393131643061
30396363333964386436646165326532353630386333623162653662356166643734663437306161
34313366643939363830386263653234356561313537323734656331663739666130313335643233
30346336636465333531393132373834376261666532653862653061346330303732356636363361
37323066373463633838636431616463346531646263373232623936306634616561366363366536
38313938663166653766336133666531323961303765616562623034366465666436623962373538
38396661646635346131636166343537663432303035363830313230366631633831663365346232
35623136383463396231663032653132666335656337646661616563313435336236646265366137
65356133363562636135663361623139313132323365626237353764633965383535636439616137
66636634306531343065393861363431336564383139623433616464613664376535666336663035
37346561646265303839383334376665643633633533613632303165373235633561346536316131
63363535653037326432623239303731323230623465333763323834386130636561623337356137
39343336303031333832633961613062336365363665313163373139363436393939373261363631
30626532626264346631646430323861383865626338616135353133343833653135383366633461
32656539393130346132373130613030656138353566313162333861366461616561396537346332
32313434666532313434386233393634653330656333306262393266626335613162636465656361
64353637616131636237333862383739636539623138363138633632626333353365346632303461
32323835326363316235363631313139343237353931623763316239616563626465653663653132
66366365303734623433316636306637343631373234393330303530306638373035326562396663
39356632616432363463376433613661633030313138666335316365326636323139326530656264
62383866623161366665313264346331646462633930386632633763343464393361626335666430
34343934356436333866363564366537656539626538383633346430356138343439336533333461
37636538306332363231613864346333366639613337356562656163343966393037336334396164
33633938616165643662393761616637616565373239616634636138356566373464373337353266
31346230623436303631346633396663653866656234663030333931383731386437306235336661
31623665373835393738633763616263383233613335303562353937363333356630383739663834
36613865306135616633393130333165323662653465303533366331333364336435303961353437
33383936636532613639316232393935376134663566636561333565623534353961363935313839
33616265336363383862303361623630356465613734313664343032353435386134616633626661
64383136616538666630636361383764343132613133366131373763366130343964613030626638
37373834396666336230636366383431313061326633633934623161376238346439306236633736
32346439373161623232393632356335663662666530373766303639643864383661306461336438
32666339616662623065393831653639323065633135343539393532313534363063383731336135
39336130653761643265633963323231366664633564333566613233396361643831666165333232
64636134623561616564366334336334636363653834636465633630343963613035646431646431
35386264346231336364613836343139613532346237333831336162663630343562323366343634
62633165376363303731623931616138663364623964356666376534613333633737626536323561
65626630636262336339373035636531363936306131653039343431666430373238343965633133
33376164643162336336326531633137663862346165643537383866346236373833643262323261
34616536663035393764396661643837396134633833616666313163393131306637356532343862
3836
