$ANSIBLE_VAULT;1.1;AES256
63653537343866333663346464316364363064376266326430396365366337333733643137633538
6130346634653034306435383464366632336431393437310a633630323765353338393365336230
39663861353337616635366339313436363363396331326437353934653033333064393864613062
6663666562616439640a626538653461386666386132356336313031323030323939386564376163
32653231343234643461613664343332306265633732303334353739343837633931326566343338
63653562383537653332636132303666613634386537363731653530343831346564303162653365
30383264333836336434393566303262356639313762303961336432323062363430356538346665
36373936303665383739663737396665376266333931633136373361396563383732613462626438
31636231623038356131316332656139353835333131333436396231656361396662666136643637
35326466643838653563386536383536626461656361323061633036393966646563353862383739
62623932333837346463623331383635613632646632663831383835396638363236353931363135
62346139643430323336643464333464343238323133333636353639633864323032386564313763
64633334303131373762373162636665353536663764356530636332333933336639316536313932
65623937363637316332373132333433323361643139333630636638313134396330383239343662
63353366356533326431636565633836383566343834353439663738323039303237343565353030
31353431663861613531396630343930326134363439313864303336336438383831626539313862
34636636663633393633313934326536313832663638343336306431653335663963656561396661
31366562653734636234313365303236353664303436316265353930303965386366363362303961
35363338643032623861356232623861376535313731393063623166373564636133346134343734
61636432333430626638323631303738376263303765623531623566636363613163373033316535
64663066396462303663633938383163396331346564373461616230313963333630396137373161
35366562613237306530383431356364666231653261313736343130663639366632633632343333
66353338646564623134326234646434633663373062666130323833623433636131393033373361
65643362656566353263363563343765353032663930353235663434336530323463613134306262
61333337623737623038306464366535383366623739666238666365306466383934643962623137
37643338396633613262336635346265316233306531643163616137616462613930636137353436
34363632373036313336373438306263313738373231623536643435636139663530356231313563
31613764313635346631
